HD886 3.161 0.1428 22400
HD120315 5.0483 0.0823 18445
hr9087 5.3212 0.308 12915 
hr8634 7.7266 0.1072 12120
HD196867 8.6737 0.4125 11020
hr5501 6.7653 0.2253 10340
HD130109 18.6007 0.5871 10240

HD130109 18.6007 0.5871 10240
HR262 12.1468 0.5758 8625
HD116842 17.2767 0.6188 8170 
HD4758 6.4101  0.78 7500
HD223486 6.8995 1.0233 7500
HD6680 6.4855 1.0395 6500
HD134083 6.7307 0.8586 6500
HD6301 4.8818 1.0149 6000
HD196755 2.5942 1.5995 5650
HD153751 2.1507 1.6840 5600
XiHer 2.0509 1.9972 5000
HD217143 1.2986 1.7257 4850 
HD145675 2.0357 3.6134 5300
HD1988550 0.8127 6.1334 4750 

